   0.0000000000000000e+00    1.0000000000000001e-01    1.0000000000000000e+00    9.9833416646828155e-01    9.9833416646828155e-03    9.9833416646828155e-01
   1.0000000000000001e-01    1.0000000000000001e-01    9.9500416527802582e-01    9.8835914148233062e-01    9.9334665397530619e-03    9.8835914148233062e-01
   2.0000000000000001e-01    1.0000000000000001e-01    9.8006657784124163e-01    9.6850875866278385e-01    9.7843395007255734e-03    9.6850875866278385e-01
   3.0000000000000004e-01    1.0000000000000001e-01    9.5533648912560598e-01    9.3898135647310921e-01    9.5374505756794653e-03    9.3898135647310921e-01
   4.0000000000000002e-01    1.0000000000000001e-01    9.2106099400288510e-01    9.0007196295552483e-01    9.1952665971431705e-03    9.0007196295552483e-01
   5.0000000000000000e-01    1.0000000000000001e-01    8.7758256189037276e-01    8.5216934790832366e-01    8.7612065543192421e-03    8.5216934790832366e-01
   5.9999999999999998e-01    1.0000000000000001e-01    8.2533561490967833e-01    7.9575213842655645e-01    8.2396074316744006e-03    7.9575213842655645e-01
   6.9999999999999996e-01    1.0000000000000001e-01    7.6484218728448850e-01    7.3138403661831664e-01    7.6356808752243658e-03    7.3138403661831664e-01
   7.9999999999999993e-01    1.0000000000000001e-01    6.9670670934716550e-01    6.5970818727960623e-01    6.9554611194896148e-03    6.5970818727960623e-01
   8.9999999999999991e-01    1.0000000000000001e-01    6.2160996827066450e-01    5.8144075180413091e-01    6.2057446954186862e-03    5.8144075180413091e-01
   9.9999999999999989e-01    1.0000000000000001e-01    5.4030230586813977e-01    4.9736375253538911e-01    5.3940225216976001e-03    4.9736375253538911e-01
   1.0999999999999999e+00    1.0000000000000001e-01    4.5359612142557748e-01    4.0831725905790983e-01    4.5284050579664946e-03    4.0831725905790983e-01
   1.2000000000000000e+00    1.0000000000000001e-01    3.6235775447667362e-01    3.1519099449966670e-01    3.6175412677878827e-03    3.1519099449966670e-01
   1.3000000000000000e+00    1.0000000000000001e-01    2.6749882862458735e-01    2.1891544571267296e-01    2.6705322010616983e-03    2.1891544571267296e-01
   1.4000000000000001e+00    1.0000000000000001e-01    1.6996714290024081e-01    1.2045256615594191e-01    1.6968400593430745e-03    1.2045256615594191e-01
   1.5000000000000002e+00    1.0000000000000001e-01    7.0737201667702684e-02    2.0786164374506644e-02    7.0619365265224283e-04    2.0786164374506644e-02
   1.6000000000000003e+00    1.0000000000000001e-01   -2.9199522301289037e-02   -7.9087925890365396e-02   -2.9150880757929375e-04   -7.9087925890365396e-02
   1.7000000000000004e+00    1.0000000000000001e-01   -1.2884449429552508e-01   -1.7817179574273534e-01   -1.2862986081655038e-03   -1.7817179574273534e-01
   1.8000000000000005e+00    1.0000000000000001e-01   -2.2720209469308753e-01   -2.7547543190780788e-01   -2.2682361382527160e-03   -2.7547543190780788e-01
   1.9000000000000006e+00    1.0000000000000001e-01   -3.2328956686350396e-01   -3.7002660861732761e-01   -3.2275102026256778e-03   -3.7002660861732761e-01
   2.0000000000000004e+00    1.0000000000000001e-01   -4.1614683654714280e-01   -4.6088060176807999e-01   -4.1545360519270437e-03   -4.6088060176807999e-01
   2.1000000000000005e+00    1.0000000000000001e-01   -5.0484610459985790e-01   -5.4712962829283618e-01   -5.0400511503045815e-03   -5.4712962829283618e-01
   2.2000000000000006e+00    1.0000000000000001e-01   -5.8850111725534626e-01   -6.2791191642870170e-01   -5.8752077236076897e-03   -6.2791191642870170e-01
   2.3000000000000007e+00    1.0000000000000001e-01   -6.6627602127982477e-01   -7.0242031625569412e-01   -6.6516611634219796e-03   -7.0242031625569412e-01
   2.4000000000000008e+00    1.0000000000000001e-01   -7.3739371554124600e-01   -7.6991036447194516e-01   -7.3616534036381968e-03   -7.6991036447194516e-01
   2.5000000000000009e+00    1.0000000000000001e-01   -8.0114361554693425e-01   -8.2970772282492389e-01   -7.9980904364843463e-03   -8.2970772282492389e-01
   2.6000000000000010e+00    1.0000000000000001e-01   -8.5688875336894776e-01   -8.8121491587634437e-01   -8.5546131935063420e-03   -8.8121491587634437e-01
   2.7000000000000011e+00    1.0000000000000001e-01   -9.0407214201706165e-01   -9.2391730077925116e-01   -9.0256610832779773e-03   -9.2391730077925116e-01
   2.8000000000000012e+00    1.0000000000000001e-01   -9.4222234066865851e-01   -9.5738820941922709e-01   -9.4065275509923919e-03   -9.5738820941922709e-01
   2.9000000000000012e+00    1.0000000000000001e-01   -9.7095816514959077e-01   -9.8129321154115212e-01   -9.6934071048018974e-03   -9.8129321154115212e-01
   3.0000000000000013e+00    1.0000000000000001e-01   -9.8999249660044564e-01   -9.9539345626576747e-01   -9.8834333390345978e-03   -9.9539345626576747e-01
   3.1000000000000014e+00    1.0000000000000001e-01   -9.9913515027327948e-01   -9.9954805860870577e-01   -9.9747075743723667e-03   -9.9954805860870577e-01
